04 f5 00 04 05 00 00 04 06
01 f5 00 05 22 00 01 58 75
03 f5 00 03 03 00 00 03 01
08 f5 00 05 04 00 00 03 09
02 f5 00 03 04 00 00 05 03
03 f5 00 03 03 00 00 03 01
03 f5 00 03 04 00 00 04 03
02 f5 00 03 03 00 00 04 01
02 f5 00 03 04 00 00 05 03
03 f5 00 17 e9 03 8f e4 91dc
03 f5 00 17 04 00 00 18 2b
02 f5 00 0d 17 00 00 ea 05
01 f5 00 02 03 00 00 22 1d
02 f5 00 03 18 00 00 22 34
02 f5 00 17 17 00 00 17 3c
02 f5 00 17 17 00 00 17 3c
02 f5 00 17 04 00 00 17 29
02 f5 00 17 17 00 00 17 3c
02 f5 00 17 17 00 00 17 3c
01 f5 00 02 17 00 00 17 26
02 f5 00 17 17 00 00 17 3c
02 f5 00 17 17 00 00 17 3c
02 f5 00 17 17 00 00 17 3c
02 f5 00 02 20 00 01 43 5c
02 f5 00 03 03 00 00 03 00
02 f5 00 03 03 00 00 04 01
01 f5 00 02 02 00 00 03 fd
02 f5 00 17 17 00 00 22 47